              precision    recall  f1-score   support

        idle     1.0000    0.8333    0.9091         6
        beat     0.8000    1.0000    0.8889         4
        stab     1.0000    1.0000    1.0000         4
        spin     1.0000    1.0000    1.0000         4
    infinity     1.0000    1.0000    1.0000         4
       slash     0.7500    0.7500    0.7500         4
       shake     1.0000    1.0000    1.0000         4
       flick     1.0000    1.0000    1.0000         4
        wing     1.0000    1.0000    1.0000         4
       slope     1.0000    1.0000    1.0000         4

    accuracy                         0.9524        42
   macro avg     0.9550    0.9583    0.9548        42
weighted avg     0.9571    0.9524    0.9526        42
